450,1
450,3
3,2
3,1
3,3
10,15
10,9
10,73
10,147
10,33
10,199
10,2
10,3
11,11
11,7
9,5
9,2
9,3
8,8
8,13
8,15
8,2
8,3
0,318
20,3
20,2
20,1
19,3
19,2
19,1
12,3
12,2
12,1
11,28
11,27
11,26
11,25
11,24
11,23
11,22
11,21
11,20
11,19
11,18
11,17
11,12
11,9
11,6
11,4
11,3
11,2
11,1
10,303
10,302
10,301
10,300
10,299
10,298
10,297
10,296
10,295
10,294
10,293
10,292
10,291
10,290
10,289
10,288
10,287
10,286
10,285
10,284
10,283
18,1
18,3
10,282
10,281
10,280
10,279
10,278
10,277
10,276
10,275
10,274
10,273
10,272
10,271
10,270
10,269
14,107
14,1
10,268
10,267
14,108
14,3
13,1
13,5
13,3
10,212
10,194
10,144
10,120
10,118
10,110
10,1
10,76
9,7
9,6
9,1
9,4
8,17
2,2
2,1
2,3
8,16
8,11
8,1
8,4
